1234
2345
3456
4567
5678
6789
7890
4321
5432
6543
7654
8765
9876
0987
1470
2580
3690
7410
8520
9630
123
234
345
456
567
678
789
890
901
321
432
543
654
765
876
987
098
109
147
258
369
741
852
963
074
085
096
159
357
951
753
9517
1597
3579
7531
1753
3715
5793
9731
1379
9731
1793
3971
1937
7913
7139
9317
1247
1258
2369
2147
2589
3269
7412
8521
9632
7418
8529
9638
1212
2323
3434
4545
5656
6767
7878
8989
9090
2121
3232
4343
5454
6565
7676
8787
9898
0909
1478
4785
7852
8521
2147
5214
9632
3696
6939
1397
1973
7139
7913
9317
1793
3917
9173
0000
1111
2222
3333
4444
5555
6666
7777
8888
9999
2580
0852
147
741
654
456
789
987
369
963